51.9481
103.896
155.844
207.792
259.74
311.688
363.636
415.584
467.532
519.481
571.429
623.377
675.325
727.273
779.221
831.169
883.117
935.065
987.013
1038.96
1090.91
1142.86
1194.81
1246.75
1298.7
1350.65
1402.6
1454.55
1506.49
1558.44
1610.39
1662.34
1714.29
1766.23
1818.18
1870.13
1922.08
1974.03
2025.97
2077.92
2129.87
2181.82
2233.77
2285.71
2337.66
2389.61
2441.56
2493.51
2545.45
2597.4
2649.35
2701.3
2753.25
2805.19
2857.14
2909.09
2961.04
3012.99
3064.94
3116.88
3168.83
3220.78
3272.73
3324.68
3376.62
3428.57
3480.52
3532.47
3584.42
3636.36
3688.31
3740.26
3792.21
3844.16
3896.1
3948.05
4000
4051.95
4103.9
4155.84
4207.79
4259.74
4311.69
4363.64
4415.58
4467.53
4519.48
4571.43
4623.38
4675.32
4727.27
4779.22
4831.17
4883.12
4935.06
4987.01
5038.96
5090.91
5142.86
5194.81
5246.75
5298.7
5350.65
5402.6
5454.55
5506.49
5558.44
5610.39
5662.34
5714.29
5766.23
5818.18
5870.13
5922.08
5974.03
6025.97
6077.92
6129.87
6181.82
6233.77
6285.71
6337.66
6389.61
6441.56
6493.51
6545.45
6597.4
6649.35
6701.3
6753.25
6805.19
6857.14
6909.09
6961.04
7012.99
7064.94
7116.88
7168.83
7220.78
7272.73
7324.68
7376.62
7428.57
7480.52
7532.47
7584.42
7636.36
7688.31
7740.26
7792.21
7844.16
7896.1
7948.05
8000
8051.95
8103.9
8155.84
8207.79
8259.74
8311.69
8363.64
8415.58
8467.53
8519.48
8571.43
8623.38
8675.33
8727.27
8779.22
8831.17
8883.12
8935.06
8987.01
9038.96
9090.91
9142.86
9194.8
9246.75
9298.7
9350.65
9402.6
9454.54
9506.49
9558.44
9610.39
9662.34
9714.29
9766.23
9818.18
9870.13
9922.08
9974.03
10026
10077.9
10129.9
10181.8
10233.8
10285.7
10337.7
10389.6
10441.6
10493.5
10545.5
10597.4
10649.4
10701.3
10753.2
10805.2
10857.1
10909.1
10961
11013
11064.9
11116.9
11168.8
11220.8
11272.7
11324.7
11376.6
11428.6
11480.5
11532.5
11584.4
11636.4
11688.3
11740.3
11792.2
11844.2
11896.1
11948.1
12000
12051.9
12103.9
12155.8
12207.8
12259.7
12311.7
12363.6
12415.6
12467.5
12519.5
12571.4
12623.4
12675.3
12727.3
12779.2
12831.2
12883.1
12935.1
12987
13039
13090.9
13142.9
13194.8
13246.8
13298.7
13350.6
13402.6
13454.5
13506.5
13558.4
13610.4
13662.3
13714.3
13766.2
13818.2
13870.1
13922.1
13974
14026
14077.9
14129.9
14181.8
14233.8
14285.7
14337.7
14389.6
14441.6
14493.5
14545.5
14597.4
14649.4
14701.3
14753.2
14805.2
14857.1
14909.1
14961
15013
15064.9
15116.9
15168.8
15220.8
15272.7
15324.7
15376.6
15428.6
15480.5
15532.5
15584.4
15636.4
15688.3
15740.3
15792.2
15844.2
15896.1
15948.1
16000
16051.9
16103.9
16155.8
16207.8
16259.7
16311.7
16363.6
16415.6
16467.5
16519.5
16571.4
16623.4
16675.3
16727.3
16779.2
16831.2
16883.1
16935.1
16987
17039
17090.9
17142.9
17194.8
17246.8
17298.7
17350.7
17402.6
17454.5
17506.5
17558.4
17610.4
17662.3
17714.3
17766.2
17818.2
17870.1
17922.1
17974
18026
18077.9
18129.9
18181.8
18233.8
18285.7
18337.7
18389.6
18441.6
18493.5
18545.5
18597.4
18649.3
18701.3
18753.2
18805.2
18857.1
18909.1
18961
19013
19064.9
19116.9
19168.8
19220.8
19272.7
19324.7
19376.6
19428.6
19480.5
19532.5
19584.4
19636.4
19688.3
19740.3
19792.2
19844.2
19896.1
19948.1
20000
